[1285.8057441402536, 322.48939261100173, 1484.2747265856945, 776.4527779270659], 
[1281.7298366912673, 324.7434070769431, 1482.0688840688454, 787.7940188363192], 
[1281.0019935850326, 324.62938954505944, 1482.830933652993, 793.2999941945393], 
[1282.7899842934937, 321.7224701169903, 1482.787886511194, 795.8818842694602], 
[1283.6783475489863, 319.90465635821965, 1479.6785621244283, 797.1948792216449], 
[1281.7414858324241, 316.05509475633175, 1473.9347940649413, 796.5882186153722], 
[1282.8680576041913, 321.7246843224656, 1470.8762120598496, 807.8635242653087], 
[1278.7304720262507, 331.47782511296674, 1465.4512112155319, 827.1092197493267], 
[1277.7549572649818, 337.3250432526188, 1463.7521256709579, 841.0802563394848], 
[1275.752568264117, 351.3501517950979, 1460.4613526756941, 867.5096703470508], 
[1271.9072068424132, 360.41097166757856, 1456.045086038643, 881.8674379892137], 
[1264.4443605725032, 363.37622006870464, 1449.5424474791848, 889.9179753295655], 
[1257.5902288342688, 362.91649627105016, 1446.1505888938707, 892.7582452121123], 
[1252.0301111174786, 363.1019918890922, 1444.1937833689149, 894.9641080299912], 
[1245.7031855053597, 370.95727346037063, 1444.6931573986853, 906.5184616874636], 
[1246.350877369636, 384.38507526717086, 1449.954082181054, 934.643018627994], 
[1244.4376054925344, 392.2055593613627, 1451.7592133127125, 949.3066274266664], 
[1243.3871585708334, 403.5205587054568, 1452.9963061889503, 974.7311953794544], 
[1242.7669162040447, 407.4214589932888, 1453.8944623305997, 987.4775292778204], 
[1243.2352263162716, 411.4711730536775, 1455.6783168205984, 997.6404560672262], 
[1243.6595047838885, 413.4438978927219, 1459.541313568355, 1005.0461648877367], 
[1246.4006020930922, 412.41499706678, 1464.447623956349, 1005.800005353386], 
[1245.1746396354924, 417.40724022556026, 1466.7308744911124, 1013.2290382004863], 
[1243.499894076417, 426.91383193647323, 1469.548905109424, 1026.2199509281554], 
[1235.488990718237, 451.3954675067402, 1466.9708273533383, 1066.5825282551011], 
[1230.826317937895, 473.4691209048263, 1465.0842398190925, 1102.4991751229481], 
[1225.1816242443947, 482.4740082755086, 1461.160873189025, 1125.2459497181796], 
[1218.2217440306097, 491.84846150964813, 1454.1558569412425, 1138.2427922724637], 
[1208.4969337351574, 499.3923349751476, 1446.311151299674, 1148.1926329504283], 
[1200.1144948622916, 503.408236235815, 1442.3186971964785, 1148.7302942864494], 
[1193.7588453554238, 509.0939727847379, 1442.2187890355278, 1158.3929678960617], 
[1173.2610231120013, 526.8432895490389, 1436.317564083344, 1197.3496434024619], 
[1160.4662452638345, 542.9577495062815, 1434.104247786634, 1232.7113258209345], 
[1155.9508111756072, 557.9553834456925, 1437.1190334160342, 1259.9285201027396], 
[1149.3800606059317, 569.6302244979659, 1438.176740488147, 1280.3587331398123], 
[1146.0093594229136, 578.4439565828309, 1439.7193006299783, 1290.6404113232995], 
[1147.466463730076, 586.9176368794735, 1445.0032325959971, 1298.9413957626193], 
[1144.1137228571397, 590.2384159782383, 1443.303176661309, 1299.790731572547], 
[1141.9175156098158, 601.3693381580699, 1443.127314156599, 1305.069724451014], 
[1142.7869112135031, 614.3892267545978, 1445.4677822009048, 1309.2365355583179], 
[1136.0263014691113, 630.1534984722723, 1439.2563774592622, 1312.2823887686727], 
[1131.4806127155339, 646.4934646389879, 1433.1713904635321, 1314.733035362212], 
[1121.9241634913676, 669.3668229324085, 1421.2521726969678, 1317.8385817483247], 
[1108.3314723189528, 687.4162300690998, 1408.6273090296877, 1317.3988934316715], 
[1088.2605239267298, 704.6326630141757, 1392.2414704253144, 1317.2282119969118], 
[1066.3422687301716, 717.5269428854742, 1378.4528625300366, 1314.6515257512588], 
[1043.8709438384399, 740.9327552121081, 1368.1900170656395, 1316.6633641955282], 
[1025.4621040574548, 765.7079483820801, 1363.5460291845511, 1317.1747161663295], 
[1003.3542756222522, 794.792157282345, 1360.4404849241546, 1320.4974023466777], 
[984.3768190194337, 823.8341660622802, 1359.285243301205, 1320.6681160320925], 
[968.172296329195, 856.3787393889003, 1355.9987813700918, 1324.5861360210456], 
[956.5032785786623, 885.1164654658475, 1349.7343787193965, 1325.893620911384], 
[944.0811764527173, 913.7407278331833, 1339.594759463794, 1326.8082050897083], 
[932.8772184846748, 939.5137409773358, 1330.4050752984085, 1325.7957486016392], 
[929.1864391611609, 964.3911390028816, 1322.3723894154161, 1325.8170261122186], 
[919.7832244737534, 994.5293814501704, 1310.9326320076048, 1327.1611101773976], 
[907.8234662272107, 1028.1171266085132, 1295.3160523799916, 1329.5065295332922], 
[881.1554041275322, 1068.4910369678444, 1252.0379641484433, 1335.8737418662706], 
