[996.2777243441192, 477.4744061694994, 1210.7290666238496, 926.5446358704253], 
[982.8081298333279, 481.3088487786736, 1193.0425459063952, 935.0092088398083], 
[977.3888127704998, 479.1968037462739, 1179.5041708149977, 938.6220893927334], 
[972.7960082823472, 483.99876250108093, 1167.1444673965127, 951.156996472443], 
[967.4181826302935, 492.0876840201932, 1158.9549415135614, 970.9391807248039], 
[958.9419082747455, 495.718369683931, 1151.843301559836, 984.0256719747957], 
[949.9374775745939, 503.1824326674697, 1143.8175343206156, 1000.1639558920616], 
[936.7331561973293, 508.8267328284279, 1134.1912763792704, 1012.1810686970122], 
[926.6419358709422, 513.6385417427907, 1125.1517999030611, 1020.7908739411796], 
[916.9911703859538, 515.9753902003556, 1111.8428800851345, 1024.3737709183154], 
[911.9158096830436, 516.7211201405582, 1102.3260604751092, 1024.1027587376975], 
[906.477081347309, 516.2659639630798, 1090.4562059017012, 1021.0406372053886], 
[897.094003116745, 521.1099804051215, 1078.2198089473022, 1027.5564887249946], 
[873.3967499099997, 530.9973278363891, 1059.7067605839006, 1042.5406062185152], 
[855.4859688784718, 542.2226615155587, 1051.1608500617208, 1063.9048747324055], 
[839.2795596379374, 551.2874561892737, 1044.3185821525615, 1081.8107608822656], 
[819.2270217364531, 558.2946815146671, 1036.7452655233956, 1096.3233119387996], 
[797.2077404862323, 557.2310019563961, 1003.2801640647119, 1099.1694273961666], 
[784.0838429782411, 553.366285735467, 1000.0466733474871, 1102.560563223139], 
[754.715238886707, 550.3654247666942, 972.4292472182348, 1103.6216589326868], 
[724.6159226654247, 553.2150248751065, 948.4384117713937, 1112.036611589498], 
[699.85904490284, 567.3809822923536, 935.3143861824849, 1144.8686873931078], 
[677.2801926881739, 575.568628119471, 926.2189364161084, 1169.7667691652725], 
[657.0763789392295, 585.9583309227058, 918.4246787260545, 1189.0589389529546], 
[640.0559967907344, 599.8776693358249, 912.7585805838575, 1214.5839745673957], 
[620.8312337493373, 608.2095357996176, 894.3191983116574, 1227.1489102733608], 
[604.322324834861, 612.1057207581778, 866.8226367109395, 1233.8063547853408], 
[589.1276301302115, 612.930752892932, 834.329055945121, 1236.3536269082038], 
[576.7575043878902, 612.1988659048923, 808.7569262292678, 1235.8082503733315], 
[560.0956756097663, 616.5085187873716, 788.5965815976457, 1236.9955355003067], 
[550.913443981017, 631.2836080756338, 779.6777052876748, 1253.188378508964], 
[525.7851717205892, 645.5094733244418, 767.6766551428038, 1275.0249262015714], 
[508.5549374168539, 655.3520854009915, 764.6946815475408, 1288.1079094811153], 
[489.7361112959069, 666.0234567807769, 761.2256885853213, 1295.9894782528727], 
[460.1094621828189, 673.8996746730584, 747.5008141834968, 1300.4275105997021], 
[429.2561663085472, 674.2167526470164, 725.7008823083607, 1298.9637792010183], 
[398.3208045816682, 677.9365024866865, 700.4990866774947, 1300.7761222280471], 
[354.70659540955205, 683.1175833988059, 654.0673055744445, 1301.0961020128304], 
[315.96672415803386, 693.4100093574116, 617.4204957293355, 1305.4650845638757], 
[283.5247824157074, 701.4696448120912, 596.4992475253746, 1305.7655215241157], 
[262.09005064377334, 716.3980095529354, 589.3251328375953, 1308.5661885804493], 
[240.3543809108633, 732.1424876097927, 582.7022915860755, 1310.84761193746], 
[221.01876219826312, 743.708074975275, 564.5867955189758, 1310.8796480026854], 
[212.75218416783628, 752.8855180508982, 552.1623044320868, 1308.8981991416076], 
[198.17900358063355, 760.2358680957728, 532.7832400840657, 1308.3929625041906], 
[163.44788335196793, 764.8949070469573, 472.3301227490123, 1304.5896126987302], 
[140.93032847260068, 779.4887866802875, 440.47296082728053, 1308.8469790775744], 
[117.4559963366975, 793.8533685333227, 408.8459745592561, 1309.728780201719], 
[95.91561657424853, 808.5126931103061, 385.4864688333994, 1310.2384815957578], 
[69.00729115720168, 828.70405659136, 360.9350030993167, 1313.015049303664], 
[38.56574289249042, 843.2660622800107, 333.5139086273007, 1311.3054006191273], 
[0, 857.1524653720612, 264.1843741656603, 1312.945999143025], 
[0, 869.362534403404, 238.73950302784954, 1311.401093594257], 
[0, 876.2291091260352, 217.81433762104797, 1308.1316997742167], 
[0, 920.8773219358052, 193.36138438013433, 1323.8367501858177], 
[0, 996.2346932354327, 157.15633776474817, 1346.6145244763588], 
